# Created by Octave 4.0.0, Sat Dec 23 18:07:02 2017 -02 <vm@vm-pc>
# name: v
# type: matrix
# rows: 10
# columns: 1
 23424
 24534
 63453
 65644
 64564
 64563
 63453
 36345
 74564
 74564


